geocommit (1.0)
lat: 48.171198
long: 11.5887086
hacc: 24.0
src: nmg
