geocommit (1.0)
lat: 48.1711803
long: 11.5887102
hacc: 36.0
src: nmg
