geocommit (1.0)
lat: 48.1711811
long: 11.5886918
hacc: 37.0
src: nmg
