geocommit (1.0)
lat: 50.886644
long: 4.4487389
hacc: 40.0
src: nmg
