geocommit (1.0)
lat: 48.1712178
long: 11.5886765
hacc: 27.0
src: nmg
